% Aeq = [1 1 1 1 1 1;
%        0 1 1 1 0 0];
% beq = [-10;0];


Aeq = [1 1 1 1 1 1];   
beq = [-10];   


% lb = [-5 -15 -30 -5 -15 -15]';

lb = [-2.5 -7.5 -15 -2.5 -7.5 -7.5]';

ub = 40*[1 1 1 1 1 1]';

% x0 = [10 10 35 0 20 10];
x0 = [5 15 30 5 15 15];

[x1,fval,exitflag,output] = fmincon(@myfun,x0,[],[],Aeq,beq,lb,ub);

